Gene chr pos REF HET VAR lethal additive recessive dominant TDT Penetrance_REF Penetrance_HET Penetrance_VAR Semidominance NMISS lethalCount
Bag2 1 33746978 48 28 4 0.630186175229028 0.694743612732365 0.1844224017054 0.910901777386972 NA NA NA NA 0 0 4:16:0:0
Dst 1 34271413 77 3 0 0.392695903778076 0.524962730626784 1 0.524962730626784 NA NA NA NA NA 0 0:0:0:7
Tgfbrap1 1 43059129 74 3 3 0.98875218629837 0.193256150978611 0.207604619532612 0.248698889202267 NA NA NA NA 0.304270603913834 0 0:0:3:8
Slc40a1 1 45912491 76 2 2 0.975511961049051 0.196198937664946 0.15845474687604 0.298633545682268 NA NA NA NA 0.0461149029058309 0 2:6:3:8
Als2 1 59215565 76 2 2 0.975511961049051 0.196198937664946 0.15845474687604 0.298633545682268 NA NA NA NA 0.0461149029058309 0 2:6:3:8
Crygf 1 65927997 78 2 0 0.392695903778076 0.511513405811449 1 0.511513405811449 NA NA NA NA NA 0 0:0:0:7
Ankar 1 72656221 73 6 1 0.4449462890625 0.248202519089343 0.697123085185286 0.218305970923677 NA NA NA NA 1 0 1:7:0:0
Atg16l1 1 87781699 72 7 1 0.4449462890625 0.30835923324172 0.697123085185286 0.292331567352313 NA NA NA NA 0.918759012639723 0 1:7:0:0
Epb4.1l5 1 119623958 76 4 0 0.343608915805817 0.880510124416392 1 0.880510124416392 NA NA NA NA NA 0 0:0:0:8
Cdk18 1 132118872 76 4 0 0.343608915805817 0.880510124416392 1 0.880510124416392 NA NA NA NA NA 0 0:0:0:8
5730559C18Rik 1 136227618 79 1 0 0.392695903778076 0.39647457711624 1 0.39647457711624 NA NA NA NA NA 0 0:0:0:7
Ptprc 1 138073610 79 1 0 0.392695903778076 0.39647457711624 1 0.39647457711624 NA NA NA NA NA 0 0:0:0:7
Lamc2 1 153143876 72 6 2 0.525592803955078 0.323710841044603 0.71547398628321 0.263379960356499 NA NA NA NA 1 0 2:10:0:0
Prrx1 1 163248405 77 3 0 0.343608915805817 0.768303231360423 1 0.768303231360423 NA NA NA NA NA 0 0:0:0:8
Copa 1 172112137 53 24 3 0.225156047664314 0.294726747567032 0.440285035369761 0.12107067125354 NA NA NA NA 0 0 3:20:0:0
Plxna2 1 194751386 51 27 2 0.111344774744794 0.434435123320759 0.973800213132431 0.389100016846689 NA NA NA NA 1 0 2:19:0:0
Frmd4a 2 4572387 79 1 0 0.98875218629837 0.481477717277796 1 0.481477717277796 NA NA NA NA NA 0 0:0:3:8
Cacna1b 2 24659003 76 4 0 0.771671693102689 0.221665451471631 1 0.221665451471631 NA NA NA NA NA 0 0:6:3:8
Tprn 2 25264321 55 23 2 0.600677490234375 0.282293688703992 0.000193572786509201 0.99591598633671 NA NA NA NA 0 0 2:9:0:0
Npdc1 2 25408009 69 1 0 0.669921875 0.236508686412422 1 0.236508686412422 NA NA NA NA NA 10 0:0:0:3
1700026L06Rik 2 28693660 76 4 0 0.771671693102689 0.221665451471631 1 0.221665451471631 NA NA NA NA NA 0 0:6:3:8
Gm13547 2 29761584 76 4 0 0.392695903778076 0.661779467709767 1 0.661779467709767 NA NA NA NA NA 0 0:0:0:7
Hmcn2 2 31415236 57 21 2 0.455200910568237 0.308855149112328 0.00521346177650865 0.83151336916669 NA NA NA NA 0 0 2:11:0:0
Prrc2b 2 32229255 69 6 5 0.990005493164063 0.38975774282614 0.511718871175235 0.385557201091281 NA NA NA NA 0.758747876907812 0 5:9:0:0
Cdk9 2 32709824 76 4 0 0.343608915805817 0.682721288287146 1 0.682721288287146 NA NA NA NA NA 0 0:0:0:8
Ttn 2 76763227 72 5.5 2.5 0.75640869140625 0.207917682732453 0.57590619071187 0.178817126549352 NA NA NA NA 1 0 0:0:3:8
Tnks1bp1 2 85062630 72 7 1 0.533935546875 0.501072107748419 0.608021466409244 0.324969360730295 NA NA NA NA 0 0 1:6:0:0
Olfr1120 2 87357682 77 3 0 0.343608915805817 0.276816749998057 1 0.276816749998057 NA NA NA NA NA 0 0:0:0:8
Olfr1212 2 88959043 54 20 6 0.470830904999427 0.704525814344499 0.267753047686551 0.907443177809606 NA NA NA NA 0 0 6:27:0:0
Olfr1240 2 89440138 74 3 3 0.98875218629837 0.419455526387015 0.818859768570825 0.265624542739381 NA NA NA NA 1 0 0:0:3:8
Tcp11l1 2 104697505 76 4 0 0.253356448418344 0.337701010222718 1 0.337701010222718 NA NA NA NA NA 0 0:6:1:8
Kcna4 2 107295582 71 5 4 0.793961897492409 0.273613253305047 0.333301881436776 0.309029297107184 NA NA NA NA 0.449171280980079 0 4:13:0:0
Olfr1303 2 111814711 77 3 0 0.343608915805817 0.276816749998057 1 0.276816749998057 NA NA NA NA NA 0 0:0:0:8
Plcb2 2 118717240 76 4 0 0.253356448418344 0.337701010222718 1 0.337701010222718 NA NA NA NA NA 0 0:6:1:8
Mga 2 119935422 50 26 4 0.158316330011462 0.460202032141182 0.496208911162282 0.556227356068909 NA NA NA NA 0.256749142952868 0 4:27:0:0
Tmem87a 2 120359542 76 4 0 0.392695903778076 0.793745418596877 1 0.793745418596877 NA NA NA NA NA 0 0:0:0:7
Cdan1 2 120726045 71 5 4 0.793961897492409 0.273613253305047 0.333301881436776 0.309029297107184 NA NA NA NA 0.449171280980079 0 4:13:0:0
Ttbk2 2 120777581 76 4 0 0.253356448418344 0.337701010222718 1 0.337701010222718 NA NA NA NA NA 0 0:6:1:8
Shf 2 122368635 74 3 3 0.98875218629837 0.419455526387015 0.818859768570825 0.265624542739381 NA NA NA NA 1 0 0:0:3:8
Ap4e1 2 127049280 76 4 0 0.392695903778076 0.793745418596877 1 0.793745418596877 NA NA NA NA NA 0 0:0:0:7
Plcb1 2 135294911 75 4 1 0.736304819583893 0.14201899673037 0.114429705448706 0.255597122975835 NA NA NA NA 0.163941884421092 0 0:0:1:8
Tm9sf4 2 153187365 74 6 0 1 0.517626284648033 1 0.517626284648033 NA NA NA NA NA 0 0:0:0:0
Plagl2 2 153236053 75 3 2 0.932652771472931 0.453666561057089 0.937392315717712 0.285747424970163 NA NA NA NA 1 0 0:0:2:8
Gm1332 2 157095305 77 3 0 0.0611550047906349 0.421816200216759 1 0.421816200216759 NA NA NA NA NA 0 0:6:0:8
Plcg1 2 160753363 73 7 0 1 0.341044636048949 1 0.341044636048949 NA NA NA NA NA 0 0:0:0:0
Ocstamp 2 165397852 74 4 2 0.932652771472931 0.499640355476539 0.918440446400229 0.37070716894495 NA NA NA NA 1 0 0:0:2:8
Znfx1 2 167047654 73 7 0 1 0.233882179174789 1 0.233882179174789 NA NA NA NA NA 0 0:0:0:0
Myt1 2 181782615 73 7 0 1 0.33364038310422 1 0.33364038310422 NA NA NA NA NA 0 0:0:0:0
Car3 3 14866804 75 5 0 0.343608915805817 0.261708523940234 1 0.261708523940234 NA NA NA NA NA 0 0:0:0:8
Cp 3 19971082 75 5 0 0.392695903778076 0.787693978016102 1 0.787693978016102 NA NA NA NA NA 0 0:0:0:7
Cpa3 3 20225194 77 1 2 0.953690052032471 0.419948018168729 0.496560918688999 0.401804857363679 NA NA NA NA 0.980249021492172 0 0:0:2:7
Anxa5 3 36460488 76 4 0 0.932652771472931 0.823875343448884 1 0.823875343448884 NA NA NA NA NA 0 0:0:2:8
Med12l 3 59037702 76 4 0 0.343608915805817 0.299877823525896 1 0.299877823525896 NA NA NA NA NA 0 0:0:0:8
Lxn 3 67461002 57 23 0 0.0178179480135441 0.824450972555068 1 0.824450972555068 NA NA NA NA NA 0 0:14:0:0
Smc4 3 69022461 57 23 0 0.0178179480135441 0.824450972555068 1 0.824450972555068 NA NA NA NA NA 0 0:14:0:0
Sh3d19 3 86114906 76 4 0 0.343608915805817 0.299877823525896 1 0.299877823525896 NA NA NA NA NA 0 0:0:0:8
Gpr89 3 96897324 74 5 1 0.73828125 0.185340462582747 0.221151436350988 0.270403650121598 NA NA NA NA 0.241765775326144 0 1:4:0:0
Hsd3b5 3 98619404 77 3 0 0.343608915805817 0.782901100213141 1 0.782901100213141 NA NA NA NA NA 0 0:0:0:8
Rbm15 3 107330938 76 3 1 0.98875218629837 0.213240057564136 0.274698688373829 0.275887806867751 NA NA NA NA 0.336107574742518 0 0:0:3:8
Sort1 3 108348630 77 2 1 0.736304819583893 0.58535458053334 0.393976905393648 0.782901100213141 NA NA NA NA 0 0 0:0:1:8
D3Bwg0562e 3 117323091 75 4 1 0.98875218629837 0.122772947086224 0.274698688373829 0.147337973830001 NA NA NA NA 0.48638770410414 0 0:0:3:8
Ccdc109b 3 129918726 79 1 0 0.392695903778076 0.39647457711624 1 0.39647457711624 NA NA NA NA NA 0 0:0:0:7
Cenpe 3 135246586 77 2 1 0.736304819583893 0.410146238125387 0.393976905393648 0.50423240907004 NA NA NA NA 0.186539737924934 0 0:0:1:8
Ptgfr 3 151835202 78 1 1 0.736304819583893 0.47690888099389 0.393976905393648 0.601746180015326 NA NA NA NA 0 0 0:0:1:8
Msh4 3 153896895 78 2 0 0.392695903778076 0.475301105793461 1 0.475301105793461 NA NA NA NA NA 0 0:0:0:7
Epha7 4 28821104 75 4 1 0.785391807556152 0.690640542936673 0.78398307455507 0.524351366685029 NA NA NA NA 0 0 0:0:1:7
Nol6 4 41121115 76 4 0 0.392695903778076 0.976388561141215 1 0.976388561141215 NA NA NA NA NA 0 0:0:0:7
Gba2 4 43570424 73 6 1 0.244025230407715 0.173292661189743 0.221151436350988 0.253882274128844 NA NA NA NA 0.242959771669331 0 1:10:0:0
Anks6 4 47033167 76 3 1 0.785391807556152 0.594012597279105 0.870193159078632 0.532372674108869 NA NA NA NA 1 0 0:0:1:7
Acnat1 4 49451003 44 29 7 0.289705842157741 0.678629277180916 0.206981481422161 0.864213020270663 NA NA NA NA 0 0 7:36:0:0
Tnc 4 64008734 71 8 1 0.126705408096313 0.185901574909451 0.221151436350988 0.276363455226142 NA NA NA NA 0.205039839989728 0 1:13:0:0
Bnc2 4 84293196 74 6 0 1 0.491203554826629 1 0.491203554826629 NA NA NA NA NA 0 0:0:0:0
Adamtsl1 4 86418552 47 27 6 0.277871665382203 0.506750114476673 0.387609560942625 0.695265725642011 NA NA NA NA 0.0674323404977481 0 6:32:0:0
Rraga 4 86576217 78 2 0 0.343608915805817 0.937392315717712 1 0.937392315717712 NA NA NA NA NA 0 0:0:0:8
Cyp2j6 4 96526023 77 2 1 0.932652771472931 0.0745126645091486 0.274698688373829 0.0594870460868288 NA NA NA NA 0.976072849153664 0 0:0:2:8
Inadl 4 98568987 75 3 2 0.98875218629837 0.0745126645091486 0.0970002666372686 0.0594870460868288 NA NA NA NA 0.976072849153664 0 0:0:3:8
Wdr78 4 103072857 73 4 3 0.98875218629837 0.166710350537424 0.0970002666372686 0.326105453888627 NA NA NA NA 0 0 0:0:3:8
C8b 4 104793380 45 26 9 0.736659037498346 0.479423083179402 0.502025317683445 0.579498591205935 NA NA NA NA 0.291252668241736 0 9:32:0:0
C8a 4 104856492 78 2 0 0.392695903778076 0.901951406972513 1 0.901951406972513 NA NA NA NA NA 0 0:0:0:7
Urod 4 116991276 74 6 0 1 0.269033931510465 1 0.269033931510465 NA NA NA NA NA 0 0:0:0:0
Rnf19b 4 129073551 77 3 0 0.392695903778076 0.669043084605774 1 0.669043084605774 NA NA NA NA NA 0 0:0:0:7
Snrnp40 4 130362658 57 19.5 3.5 0.0493835126475735 0.00344608293689329 3.13054549650445e-12 0.245357360963285 NA NA NA NA 0.227228662241193 0 0:0:2:8
Pum1 4 130728104 77 3 0 0.392695903778076 0.669043084605774 1 0.669043084605774 NA NA NA NA NA 0 0:0:0:7
Mfn2 4 147885526 74 4 2 0.975511961049051 0.400484182790423 0.766777483796213 0.307227414740146 NA NA NA NA 1 0 2:6:3:8
Dvl1 4 155854775 74 6 0 0.343608915805817 0.263296748650313 1 0.263296748650313 NA NA NA NA NA 0 0:0:0:8
Tnfrsf18 4 156026529 74 5 1 0.736304819583893 0.384068079051771 0.910226139732622 0.263296748650313 NA NA NA NA 0 0 0:0:1:8
Ankib1 5 3772529 75 5 0 0.392695903778076 0.558690393435371 1 0.558690393435371 NA NA NA NA NA 0 0:0:0:7
Pclo 5 14669656 76 4 0 0.343608915805817 0.424199199219707 1 0.424199199219707 NA NA NA NA NA 0 0:0:0:8
Pion 5 21253951 76 4 0 0.343608915805817 0.424199199219707 1 0.424199199219707 NA NA NA NA NA 0 0:0:0:8
4930548H24Rik 5 31485968 72 6 2 0.75640869140625 0.0977102195599424 0.201903683570632 0.121059894284781 NA NA NA NA 0.476558237940233 0 2:7:0:0
Slbp 5 33645489 72 6 2 0.75640869140625 0.0977102195599424 0.201903683570632 0.121059894284781 NA NA NA NA 0.476558237940233 0 2:7:0:0
Add1 5 34605853 77 3 0 0.343608915805817 0.999208601727719 1 0.999208601727719 NA NA NA NA NA 0 0:0:0:8
Sorcs2 5 36065433 77 3 0 0.343608915805817 0.999208601727719 1 0.999208601727719 NA NA NA NA NA 0 0:0:0:8
Cc2d2a 5 43730029 77 3 0 0.343608915805817 0.999208601727719 1 0.999208601727719 NA NA NA NA NA 0 0:0:0:8
Tapt1 5 44177106 74 4 2 0.932652771472931 0.304811466262538 0.886989744294188 0.170495726708858 NA NA NA NA 1 0 0:0:2:8
Anapc4 5 52845419 77 3 0 0.343608915805817 0.999208601727719 1 0.999208601727719 NA NA NA NA NA 0 0:0:0:8
G6pd2 5 61810171 76 2 2 0.953690052032471 0.512073945087884 0.511513405811449 0.568711814187381 NA NA NA NA 0.240391212706103 0 0:0:2:7
Phox2b 5 67096214 76 2 2 0.953690052032471 0.512073945087884 0.511513405811449 0.568711814187381 NA NA NA NA 0.240391212706103 0 0:0:2:7
Guf1 5 69558580 76 3 1 0.736304819583893 0.749107732514957 0.707154788901976 0.815294467544798 NA NA NA NA 0.0966705534116857 0 0:0:1:8
Ugt2b34 5 86893732 75 5 0 0.343608915805817 0.275535326881453 1 0.275535326881453 NA NA NA NA NA 0 0:0:0:8
Ugt2b5 5 87137365 58 16.5 5.5 0.72650621152923 0.0230561857538978 0.00841198634290438 0.128871687460917 NA NA NA NA 0.132677652567387 0 7:25:0:0
Slc4a4 5 89129641 76 2 2 0.953690052032471 0.512073945087884 0.511513405811449 0.568711814187381 NA NA NA NA 0.240391212706103 0 0:0:2:7
Ptpn13 5 103489765 50 24 6 0.825124116017832 0.0257330877156156 0.00507620602838917 0.16381909185541 NA NA NA NA 0.0838595962101259 0 6:19:0:0
Pptc7 5 122313591 77 1 2 0.953690052032471 0.436174671093269 0.511513405811449 0.416931218505862 NA NA NA NA 1 0 0:0:2:7
Pitpnm2 5 124140517 49 27 4 0.465424290494411 0.236510151364029 0.969682283794821 0.156810303179416 NA NA NA NA 1 0 4:19:0:0
Rimbp2 5 128803861 75 4 1 0.771671693102689 0.445217782624708 0.274698688373829 0.639296389461425 NA NA NA NA 0 0 0:6:3:8
Cct6a 5 129791570 69 8 3 0.584252715110779 0.286361334552504 0.418503048717177 0.321902854823449 NA NA NA NA 0.491278770823239 0 3:13:0:0
Gtf2ird2 5 134211242 54 23 3 0.584252715110779 0.483042009940413 0.976357528163374 0.4136484173103 NA NA NA NA 1 0 3:13:0:0
Gtf2i 5 134261837 69 7 4 0.793961897492409 0.380321223403311 0.658202865825326 0.321902854823449 NA NA NA NA 1 0 4:13:0:0
Cldn13 5 134914747 75 4 1 0.785391807556152 0.730795042639638 0.78398307455507 0.573478245657711 NA NA NA NA 0 0 0:0:1:7
Fis1 5 136962194 69 7 4 0.793961897492409 0.380321223403311 0.658202865825326 0.321902854823449 NA NA NA NA 1 0 4:13:0:0
Cnpy4 5 138192577 54 23 3 0.584252715110779 0.483042009940413 0.976357528163374 0.4136484173103 NA NA NA NA 1 0 3:13:0:0
Sun1 5 139226699 76 4 0 0.343608915805817 0.915975292766907 1 0.915975292766907 NA NA NA NA NA 0 0:0:0:8
Gna12 5 140760883 54 23 3 0.584252715110779 0.596193550802851 0.976357528163374 0.539406574995366 NA NA NA NA 1 0 3:13:0:0
Tecpr1 5 144207476 76 4 0 0.932652771472931 0.915975292766907 1 0.915975292766907 NA NA NA NA NA 0 0:0:2:8
Trrap 5 144816339 76 4 0 0.932652771472931 0.915975292766907 1 0.915975292766907 NA NA NA NA NA 0 0:0:2:8
Cyp3a11 5 145862452 76 4 0 0.932652771472931 0.915975292766907 1 0.915975292766907 NA NA NA NA NA 0 0:0:2:8
Asb15 6 24566164 73 6 1 0.244025230407715 0.78752420625431 0.608021466409244 0.596452437626817 NA NA NA NA 0 0 1:10:0:0
Rbm28 6 29158928 75 5 0 0.253356448418344 0.671515956463575 1 0.671515956463575 NA NA NA NA NA 0 0:6:1:8
Zc3hc1 6 30372790 75 5 0 0.253356448418344 0.671515956463575 1 0.671515956463575 NA NA NA NA NA 0 0:6:1:8
Mkln1 6 31478018 75 5 0 0.253356448418344 0.671515956463575 1 0.671515956463575 NA NA NA NA NA 0 0:6:1:8
Olfr450 6 42818292 74 6 0 0.530010041518835 0.395005633700275 1 0.395005633700275 NA NA NA NA NA 0 0:6:2:8
Vmn1r33 6 66612137 74 6 0 0.343608915805817 0.351758844677071 1 0.351758844677071 NA NA NA NA NA 0 0:0:0:8
Mgll 6 88725817 75 5 0 0.343608915805817 0.408077816421727 1 0.408077816421727 NA NA NA NA NA 0 0:0:0:8
Hspbp1 7 4684432 55 19 6 0.785781947601208 0.104667653974861 0.723497463693856 0.0464808797222201 NA NA NA NA 1 0 6:20:0:0
6330408A02Rik 7 13261026 55 19 6 0.785781947601208 0.0920690209852017 0.723497463693856 0.0379493104481258 NA NA NA NA 1 0 6:20:0:0
Ceacam5 7 17714963 73 5 2 0.932652771472931 0.280161336198243 0.57942865019484 0.239257432427758 NA NA NA NA 1 0 0:0:2:8
Zfp93 7 24275861 78 0 2 0.914762914224411 0.121138611359264 0.121138611359264 0.121138611359264 NA NA NA NA NA 0 2:6:2:8
Cyp2s1 7 25809258 73 4 3 0.775875091552734 0.459227653072024 0.842017309169587 0.320536482302066 NA NA NA NA 1 0 3:10:0:0
Cyp2t4 7 27158246 75 3 2 0.953690052032471 0.809933011299481 0.857168315598867 0.809568535009693 NA NA NA NA 0.718723752409752 0 0:0:2:7
BC024978 7 27202647 70 10 0 0.421875 0.203731466219865 1 0.203731466219865 NA NA NA NA NA 0 0:3:0:0
Pld3 7 27539575 76 4 0 0.343608915805817 0.619197301689095 1 0.619197301689095 NA NA NA NA NA 0 0:0:0:8
Ggn 7 29173022 78 1 1 0.771671693102689 0.14388175538336 0.282487241765817 0.121138611359264 NA NA NA NA 1 0 1:6:2:8
Sipa1l3 7 29387251 76 4 0 0.343608915805817 0.619197301689095 1 0.619197301689095 NA NA NA NA NA 0 0:0:0:8
Atp4a 7 30718999 74 4 2 0.932652771472931 0.514289023983112 0.57942865019484 0.548305221115277 NA NA NA NA 0.436699301474651 0 0:0:2:8
Abpa 7 34021897 78 1 1 0.771671693102689 0.14388175538336 0.282487241765817 0.121138611359264 NA NA NA NA 1 0 1:6:2:8
Vmn2r59 7 42058884 77 3 0 0.392695903778076 0.381574588619885 1 0.381574588619885 NA NA NA NA NA 0 0:0:0:7
Gm2381 7 42820080 73 4 3 0.775875091552734 0.273777031985232 0.225337038588581 0.398665037512478 NA NA NA NA 0.0413875553079275 0 3:10:0:0
Vsig10l 7 43464137 75 2 3 0.99376106262207 0.890221829851893 0.989241033082532 0.809568535009693 NA NA NA NA 1 0 0:0:3:7
Klk1b9 7 43979372 75 2 3 0.99376106262207 0.890221829851893 0.989241033082532 0.809568535009693 NA NA NA NA 1 0 0:0:3:7
Kcna7 7 45409690 74 4 2 0.932652771472931 0.651732768908921 0.937392315717712 0.548305221115277 NA NA NA NA 1 0 0:0:2:8
Mrgprx2 7 48482918 71 9 0 0.421875 0.49869893127412 1 0.49869893127412 NA NA NA NA NA 0 0:3:0:0
Herc2 7 56113210 71 9 0 0.421875 0.49869893127412 1 0.49869893127412 NA NA NA NA NA 0 0:3:0:0
Fan1 7 64363199 75 2 3 0.99376106262207 0.890221829851893 0.989241033082532 0.809568535009693 NA NA NA NA 1 0 0:0:3:7
Apba2 7 64714515 74 4 2 0.932652771472931 0.651732768908921 0.937392315717712 0.548305221115277 NA NA NA NA 1 0 0:0:2:8
Lrrk1 7 66292336 72 5 3 0.775875091552734 0.284899579293875 0.270639576160239 0.385816723356709 NA NA NA NA 0.157162704342834 0 3:10:0:0
Lrrc28 7 67618085 71 9 0 0.421875 0.49869893127412 1 0.49869893127412 NA NA NA NA NA 0 0:3:0:0
Igf1r 7 68165155 77 2 1 0.785391807556152 0.418057622685798 0.642274083592861 0.381574588619885 NA NA NA NA 1 0 0:0:1:7
Iqgap1 7 80723879 76 2.5 1.5 0.775875091552734 0.263548701187647 0.270639576160239 0.282487241765817 NA NA NA NA NA 0 0:0:2:8
Ap3b2 7 81464629 53 18 9 0.970491086521519 0.485498193572835 0.865765090211894 0.258639579264913 NA NA NA NA 1 0 9:22:0:0
Odz4 7 96774020 75 3 2 0.932652771472931 0.824613173018458 0.906287087141117 0.798477436833845 NA NA NA NA 1 0 0:0:2:8
Myo7a 7 98112150 76 3 1 0.785391807556152 0.933732422597 0.78398307455507 0.976388561141215 NA NA NA NA 0 0 0:0:1:7
Kcne3 7 100184439 76 3 1 0.785391807556152 0.933732422597 0.78398307455507 0.976388561141215 NA NA NA NA 0 0 0:0:1:7
Art5 7 102097957 76 2 2 0.953690052032471 0.343923747182021 0.346766310070716 0.411712573212414 NA NA NA NA 0.233071829147477 0 0:0:2:7
Nup98 7 102152453 73 4 3 0.775875091552734 0.475588620941714 0.839034801299441 0.33899258835941 NA NA NA NA 1 0 3:10:0:0
Olfr652 7 104564337 76 2 2 0.953690052032471 0.343923747182021 0.346766310070716 0.411712573212414 NA NA NA NA 0.233071829147477 0 0:0:2:7
Olfr672 7 104996703 76 2 2 0.953690052032471 0.343923747182021 0.346766310070716 0.411712573212414 NA NA NA NA 0.233071829147477 0 0:0:2:7
Olfr470 7 107845116 74 5 1 0.736304819583893 0.377307640775195 0.707154788901976 0.353812717157834 NA NA NA NA 0.991740500662359 0 0:0:1:8
Olfr494 7 108367789 73 7 0 0.421875 0.471734836777197 1 0.471734836777197 NA NA NA NA NA 0 0:3:0:0
Olfr502 7 108523082 72 5 3 0.775875091552734 0.35924789771176 0.839034801299441 0.221667595458801 NA NA NA NA 1 0 3:10:0:0
Trim66 7 109460695 55 19 6 0.92044274811633 0.435656343927989 0.802271277583763 0.2355864022675 NA NA NA NA 0 0 6:16:0:0
Pik3c2a 7 116346247 73 7 0 0.421875 0.471734836777197 1 0.471734836777197 NA NA NA NA NA 0 0:3:0:0
Dnahc3 7 119967905 75 4 1 0.785391807556152 0.818598496434893 0.78398307455507 0.676449980060127 NA NA NA NA 0 0 0:0:1:7
Spn 7 127136208 75 3 2 0.932652771472931 0.189122162562477 0.161772865590505 0.287706812035802 NA NA NA NA 0.16225521450478 0 0:0:2:8
Dctpp1 7 127257193 75 3 2 0.932652771472931 0.189122162562477 0.161772865590505 0.287706812035802 NA NA NA NA 0.16225521450478 0 0:0:2:8
Prr14 7 127476643 76 4 0 0.932652771472931 0.275887806867751 1 0.275887806867751 NA NA NA NA NA 0 0:0:2:8
Tacc2 7 130577509 74.5 3.5 2 0.932652771472931 0.189122162562477 0.161772865590505 0.287706812035802 NA NA NA NA 0.16225521450478 0 0:0:2:8
E030019B06Rik 7 139605655 67 12 1 0.533935546875 0.29918951583407 0.770025680717595 0.211688640164431 NA NA NA NA 0 0 1:6:0:0
Lrrc56 7 141206453 74 4 2 0.932652771472931 0.165789706800104 0.161772865590505 0.248698889202267 NA NA NA NA 0.237510238696642 0 0:0:2:8
Lrdd 7 141440813 68 11 1 0.533935546875 0.413893252846359 0.770025680717595 0.310486770119189 NA NA NA NA 0 0 1:6:0:0
Defb34 8 19123768 76 2 2 0.932652771472931 0.635424003567439 0.674444709550022 0.653109457613646 NA NA NA NA 0.513654333424891 0 0:0:2:8
Slc7a2 8 40908531 76 2 2 0.932652771472931 0.635424003567439 0.674444709550022 0.653109457613646 NA NA NA NA 0.513654333424891 0 0:0:2:8
Fat1 8 45051168 74 4 2 0.932652771472931 0.392793962132395 0.661576653159122 0.339781576464765 NA NA NA NA 1 0 0:0:2:8
Sugp1 8 70052638 73 4 3 0.771671693102689 0.566344729404345 0.595589512365161 0.607062479961519 NA NA NA NA 0.371707153169708 0 3:6:0:8
Olfr372 8 72058162 75 3 2 0.932652771472931 0.569877772261974 0.674444709550022 0.565735798381649 NA NA NA NA 0.757701403295952 0 0:0:2:8
Arhgap10 8 77450824 73 4 3 0.771671693102689 0.566344729404345 0.595589512365161 0.607062479961519 NA NA NA NA 0.371707153169708 0 3:6:0:8
Usp38 8 81014150 76 4 0 0.392695903778076 0.532372674108869 1 0.532372674108869 NA NA NA NA NA 0 0:0:0:7
Slc6a2 8 92992801 77 3 0 0.392695903778076 0.538884587715354 1 0.538884587715354 NA NA NA NA NA 0 0:0:0:7
Gpr114 8 94934157 72 8 0 0.421875 0.0992212983888373 1 0.0992212983888373 NA NA NA NA NA 0 0:3:0:0
Fam65a 8 105618114 71 5 4 0.921873092651367 0.603505992727481 0.987923083809101 0.416075677249916 NA NA NA NA 1 0 4:10:0:0
Pkd1l3 8 109623649 71 8 1 0.244025230407715 0.503265716047964 0.916957725310973 0.416075677249916 NA NA NA NA 0 0 1:10:0:0
Osgin1 8 119445472 71 4 5 0.98027229309082 0.575205052160559 0.887701344303604 0.416075677249916 NA NA NA NA 1 0 5:10:0:0
1300018I17Rik 8 123246748 56 23 1 0.0634764397982508 0.709279665941349 0.944835036127189 0.678340096642186 NA NA NA NA 0 0 1:16:0:0
Mmp13 9 7274032 75 4 1 0.392695903778076 0.5205771268033 0.78398307455507 0.37070716894495 NA NA NA NA 0 0 0:0:1:7
Prkcsh 9 22010251 76 2 2 0.530010041518835 0.873504156398126 0.83616902343708 0.915975292766907 NA NA NA NA 0 0 2:6:0:8
Igsf9b 9 27334582 76 2 2 0.530010041518835 0.873504156398126 0.83616902343708 0.915975292766907 NA NA NA NA 0 0 2:6:0:8
Pus3 9 35566422 75 3 2 0.975511961049051 0.626644299501083 0.83616902343708 0.553371703090355 NA NA NA NA 1 0 2:6:3:8
CT025680.2 9 39046700 68 9 3 0.775875091552734 0.318625564024396 0.818601778731649 0.229269549564824 NA NA NA NA 1 0 3:10:0:0
Dscaml1 9 45732134 77 3 0 0.392695903778076 0.846615243362494 1 0.846615243362494 NA NA NA NA NA 0 0:0:0:7
2010321M09Rik 9 64983990 76 3 1 0.530010041518835 0.646388200757481 0.320005667423316 0.915975292766907 NA NA NA NA 0 0 1:6:1:8
Rbpms2 9 65651666 43 28 9 0.663967005547416 0.721947562918254 0.518372024444137 0.366814567906404 NA NA NA NA 0 0 9:34:0:0
C2cd4a 9 67831563 76 2 2 0.953690052032471 0.920457599045433 0.857168315598867 0.976388561141215 NA NA NA NA 0 0 0:0:2:7
Scg3 9 75669335 69 8 3 0.929443359375 0.420951936004801 0.785873717044183 0.347778019618416 NA NA NA NA 1 0 3:7:0:0
Col12a1 9 79693494 77 1 2 0.771671693102689 0.772254141271021 0.954797525312266 0.648176798407902 NA NA NA NA 1 0 2:6:1:8
Ctsh 9 90061582 75 4 1 0.785391807556152 0.820216281008818 0.918721315574596 0.809568535009693 NA NA NA NA 1 0 0:0:1:7
2610101N10Rik 9 95484443 75 3 2 0.771671693102689 0.883134784019452 0.83616902343708 0.726524719719122 NA NA NA NA 0 0 2:6:1:8
Nphp3 9 104018274 73 6 1 0.785391807556152 0.427080023369706 0.39647457711624 0.539568742829288 NA NA NA NA 0.159239294020921 0 0:0:1:7
Camp 9 109848399 73 3 4 0.975511961049051 0.701735566385027 0.875946679429847 0.607062479961519 NA NA NA NA 1 0 4:6:1:8
Susd5 9 114082535 69 9 2 0.75640869140625 0.193228311215819 0.686914231356007 0.149898192104412 NA NA NA NA 1 0 2:7:0:0
Acaa1a 9 119347818 74 5 1 0.785391807556152 0.438323541442193 0.39647457711624 0.555065953679803 NA NA NA NA 0.148507775501961 0 0:0:1:7
Ano10 9 122259595 73 7 0 0.343608915805817 0.61048725638971 1 0.61048725638971 NA NA NA NA NA 0 0:0:0:8
H60c 10 3260435 76 4 0 0.343608915805817 0.974668918106539 1 0.974668918106539 NA NA NA NA NA 0 0:0:0:8
Lats1 10 7712528 51 25 4 0.158316330011462 0.363768506551254 0.50699776587982 0.424127397915475 NA NA NA NA 0.387269592900644 0 4:27:0:0
Tab2 10 7919801 77 3 0 0.392695903778076 0.645169673359508 1 0.645169673359508 NA NA NA NA NA 0 0:0:0:7
Sgk1 10 21882657 72 5 3 0.775875091552734 0.875997708532843 0.867415861715289 0.733140809860495 NA NA NA NA 0 0 3:10:0:0
Samd3 10 26244495 76 4 0 0.392695903778076 0.647511079602493 1 0.647511079602493 NA NA NA NA NA 0 0:0:0:7
Lama2 10 27015546 75 5 0 0.343608915805817 0.639296389461425 1 0.639296389461425 NA NA NA NA NA 0 0:0:0:8
Psap 10 60299566 79 1 0 0.343608915805817 0.834251365009517 1 0.834251365009517 NA NA NA NA NA 0 0:0:0:8
Ado 10 67548228 73 5 2 0.932652771472931 0.263606184346128 0.296246386999861 0.336562770676845 NA NA NA NA 0.312194309349098 0 0:0:2:8
Bcr 10 75145327 74 6 0 0.343608915805817 0.315839724753268 1 0.315839724753268 NA NA NA NA NA 0 0:0:0:8
Lrrc3 10 77901585 58 19 3 0.305689170607366 0.929464886251144 0.238455488697329 0.687397974232225 NA NA NA NA 0 0 3:18:0:0
1810043G02Rik 10 77983038 58 19 3 0.305689170607366 0.929464886251144 0.238455488697329 0.687397974232225 NA NA NA NA 0 0 3:18:0:0
Apc2 10 80314583 73 6 1 0.736304819583893 0.188668418966609 0.114429705448706 0.336562770676845 NA NA NA NA 0.11442177599244 0 0:0:1:8
Tcf3 10 80413334 73 6 1 0.736304819583893 0.188668418966609 0.114429705448706 0.336562770676845 NA NA NA NA 0.11442177599244 0 0:0:1:8
Gm872 10 92885096 73 6 1 0.785391807556152 0.505235442278246 0.642274083592861 0.539568742829288 NA NA NA NA 0.412899185216545 0 0:0:1:7
Ikzf4 10 128632756 76 4 0 0.343608915805817 0.960965488791113 1 0.960965488791113 NA NA NA NA NA 0 0:0:0:8
Ascc2 11 4649855 75 5 0 0.392695903778076 0.447829950848089 1 0.447829950848089 NA NA NA NA NA 0 0:0:0:7
Ccdc88a 11 29482749 76 4 0 0.392695903778076 0.445779806053073 1 0.445779806053073 NA NA NA NA NA 0 0:0:0:7
Lcp2 11 34082426 76 4 0 0.392695903778076 0.445779806053073 1 0.445779806053073 NA NA NA NA NA 0 0:0:0:7
Gabrg2 11 41916315 76 4 0 0.736304819583893 0.334158087942763 1 0.334158087942763 NA NA NA NA NA 0 0:0:1:8
Pwwp2a 11 43704672 76 4 0 0.736304819583893 0.334158087942763 1 0.334158087942763 NA NA NA NA NA 0 0:0:1:8
Hspa4 11 53262876 56 20 4 0.283212349567194 0.76698084329557 0.18301840723207 0.30924863497441 NA NA NA NA 0 0 4:23:0:0
Slc36a3 11 55125080 75 5 0 0.392695903778076 0.573478245657711 1 0.573478245657711 NA NA NA NA NA 0 0:0:0:7
Spag7 11 70669190 75 5 0 0.736304819583893 0.726696946915342 1 0.726696946915342 NA NA NA NA NA 0 0:0:1:8
Atp2a3 11 72982702 75 5 0 0.736304819583893 0.726696946915342 1 0.726696946915342 NA NA NA NA NA 0 0:0:1:8
2610507B11Rik 11 78268457 74 4 2 0.932652771472931 0.602107632534948 0.906287087141117 0.502103231313666 NA NA NA NA 1 0 0:0:2:8
Tex14 11 87520699 74 4 2 0.932652771472931 0.602107632534948 0.906287087141117 0.502103231313666 NA NA NA NA 1 0 0:0:2:8
Hdac5 11 102205812 76 4 0 0.392695903778076 0.532372674108869 1 0.532372674108869 NA NA NA NA NA 0 0:0:0:7
Fam171a2 11 102437881 76 4 0 0.392695903778076 0.532372674108869 1 0.532372674108869 NA NA NA NA NA 0 0:0:0:7
Map3k14 11 103242291 73 4 3 0.98875218629837 0.505566317731478 0.738059432571329 0.431581477568111 NA NA NA NA 1 0 0:0:3:8
Abca9 11 110139620 72 6 2 0.932652771472931 0.392931356763994 0.886989744294188 0.289428137701606 NA NA NA NA 1 0 0:0:2:8
Dnahc17 11 118067682 75 5 0 0.392695903778076 0.539010136563899 1 0.539010136563899 NA NA NA NA NA 0 0:0:0:7
Hexdc 11 121218165 78 2 0 0.343608915805817 0.991044324384315 1 0.991044324384315 NA NA NA NA NA 0 0:0:0:8
Akap6 12 52937148 76 3 1 0.785391807556152 0.695624296396889 0.870193159078632 0.663123619904579 NA NA NA NA 1 0 0:0:1:7
Brms1l 12 55861388 60 20 0 0.0237572640180588 0.947963103753021 1 0.947963103753021 NA NA NA NA NA 0 0:13:0:0
Ctage5 12 59136143 77 3 0 0.392695903778076 0.995922650463275 1 0.995922650463275 NA NA NA NA NA 0 0:0:0:7
Fkbp3 12 65073918 77 3 0 0.392695903778076 0.995922650463275 1 0.995922650463275 NA NA NA NA NA 0 0:0:0:7
4930447C04Rik 12 72910056 74 6 0 0.421875 0.48116148064054 1 0.48116148064054 NA NA NA NA NA 0 0:3:0:0
Pcnx 12 81974579 78 1 1 0.736304819583893 0.149841958201415 0.274698688373829 0.133806441835533 NA NA NA NA 0.912131191396036 0 0:0:1:8
Eml5 12 98865479 74 4 2 0.932652771472931 0.764420738565074 0.926608326652583 0.709929720869833 NA NA NA NA 1 0 0:0:2:8
Rtl1 12 109592719 74 6 0 0.343608915805817 0.709929720869833 1 0.709929720869833 NA NA NA NA NA 0 0:0:0:8
Dync1h1 12 110651747 74 6 0 0.343608915805817 0.709929720869833 1 0.709929720869833 NA NA NA NA NA 0 0:0:0:8
Wdr60 12 116248290 74 6 0 0.343608915805817 0.709929720869833 1 0.709929720869833 NA NA NA NA NA 0 0:0:0:8
Ncapg2 12 116423215 49 29 2 0.0207419790656728 0.629176280279644 0.344008572949869 0.402580738815445 NA NA NA NA 0 0 2:27:0:0
Nme8 13 19658036 75 3 2 0.953690052032471 0.538801338142962 0.469032598987776 0.655837001754975 NA NA NA NA 1.09239169536029e-05 0 0:0:2:7
Hist1h4i 13 22041027 75 3 2 0.953690052032471 0.538801338142962 0.469032598987776 0.655837001754975 NA NA NA NA 1.09239169536029e-05 0 0:0:2:7
Vmn1r213 13 23011394 72 8 0 1 0.53882454137967 1 0.53882454137967 NA NA NA NA NA 0 0:0:0:0
Serpinb6c 13 33880031 76 4 0 0.392695903778076 0.818454358045525 1 0.818454358045525 NA NA NA NA NA 0 0:0:0:7
Tmem161b 13 84292383 77 3 0 0.932652771472931 0.648176798407902 1 0.648176798407902 NA NA NA NA NA 0 0:0:2:8
Xrcc4 13 89992475 75 4 1 0.736304819583893 0.646601562662921 0.910226139732622 0.525564345266661 NA NA NA NA 0 0 0:0:1:8
Rasgrf2 13 91972274 75 5 0 0.392695903778076 0.804514688184765 1 0.804514688184765 NA NA NA NA NA 0 0:0:0:7
Papd4 13 93154992 59 16 5 0.378278511637607 0.119180685778675 0.00662647466517526 0.54503580139983 NA NA NA NA 0 0 5:25:0:0
Zfp366 13 99234251 77 3 0 0.343608915805817 0.648176798407902 1 0.648176798407902 NA NA NA NA NA 0 0:0:0:8
Depdc1b 13 108323909 71 7 2 0.83056640625 0.628494797676002 0.752228264650456 0.634954539052193 NA NA NA NA 0.58228766461646 0 2:6:0:0
Flnb 14 7946014 77 3 0 0.932652771472931 0.64838691368656 1 0.64838691368656 NA NA NA NA NA 0 0:0:2:8
Slc4a7 14 14794059 74 4 2 0.932652771472931 0.171337483233639 0.161772865590505 0.263296748650313 NA NA NA NA 0.217166713063776 0 0:0:2:8
Chd8 14 52202304 71.5 7 1.5 0.736304819583893 0.0697554412211989 0.114429705448706 0.109244965151986 NA NA NA NA 0.349158166053804 0 2:4:0:0
Msra 14 64210532 75 4 1 0.785391807556152 0.690640542936673 0.78398307455507 0.524351366685029 NA NA NA NA 0 0 0:0:1:7
Kif13b 14 64757404 74 4 2 0.530010041518835 0.485993574695559 0.954231224867514 0.307227414740146 NA NA NA NA 0 0 2:6:0:8
Tnfrsf10b 14 69776176 73 6 1 0.300338745117188 0.82989971236211 0.750461297248044 0.696341378589825 NA NA NA NA 0 0 1:9:0:0
Rhobtb2 14 69796735 74 4 2 0.530010041518835 0.485993574695559 0.954231224867514 0.307227414740146 NA NA NA NA 0 0 2:6:0:8
Polr3d 14 70439519 51 21 8 0.553251449191385 0.277622477802983 0.29068959986863 0.0282477187484138 NA NA NA NA 0 0 8:33:0:0
Zfp957 14 79212920 76 4 0 0.392695903778076 0.970641711032609 1 0.970641711032609 NA NA NA NA NA 0 0:0:0:7
Trim52 14 106106967 75 5 0 0.392695903778076 0.804514688184765 1 0.804514688184765 NA NA NA NA NA 0 0:0:0:7
Nalcn 14 123370032 77 3 0 0.343608915805817 0.811408456835667 1 0.811408456835667 NA NA NA NA NA 0 0:0:0:8
Rrm2b 15 37931645 72 5 3 0.98875218629837 0.326396693171038 0.549569590727381 0.289428137701606 NA NA NA NA 1 0 0:0:3:8
Ubr5 15 38030807 68 6 6 0.975709855556488 0.146017161094788 0.206968289299324 0.166271067496572 NA NA NA NA 0.513386073026565 0 6:13:0:0
Sybu 15 44673268 75 5 0 1 0.505351928687702 1 0.505351928687702 NA NA NA NA NA 0 0:0:0:0
Plec 15 76173411 74 6 0 0.392695903778076 0.541602587601821 1 0.541602587601821 NA NA NA NA NA 0 0:0:0:7
Sox10 15 79159386 73 7 0 0.343608915805817 0.431581477568111 1 0.431581477568111 NA NA NA NA NA 0 0:0:0:8
Csnk1e 15 79419898 75 5 0 0.343608915805817 0.440191742353388 1 0.440191742353388 NA NA NA NA NA 0 0:0:0:8
Tnrc6b 15 80784758 70 5 5 0.919787406921386 0.346523761476597 0.628307030548172 0.256620029164774 NA NA NA NA 1 0 5:13:0:0
Sbf1 15 89302329 75 4 1 0.736304819583893 0.594693312632905 0.834251365009517 0.440191742353388 NA NA NA NA 0 0 0:0:1:8
Slc2a13 15 91350012 74 6 0 0.343608915805817 0.351758844677071 1 0.351758844677071 NA NA NA NA NA 0 0:0:0:8
Lrrk2 15 91796028 76 4 0 0.392695903778076 0.445779806053073 1 0.445779806053073 NA NA NA NA NA 0 0:0:0:7
Adamts20 15 94291713 53 22 5 0.422155201823951 0.695121210111974 0.796216739829615 0.712520143271262 NA NA NA NA 0.534474009787 0 5:24:0:0
Arid2 15 96402049 72 6 2 0.332601696252823 0.659476555464288 0.868476589334787 0.618195117266149 NA NA NA NA 1 0 2:13:0:0
Mll2 15 98853581 76 4 0 0.392695903778076 0.445779806053073 1 0.445779806053073 NA NA NA NA NA 0 0:0:0:7
Prpf40b 15 99316289 76 4 0 0.392695903778076 0.445779806053073 1 0.445779806053073 NA NA NA NA NA 0 0:0:0:7
5430421N21Rik 15 101487040 74 6 0 1 0.323965807356183 1 0.323965807356183 NA NA NA NA NA 0 0:0:0:0
Krt71 15 101738070 77 3 0 0.736304819583893 0.549964079677461 1 0.549964079677461 NA NA NA NA NA 0 0:0:1:8
Krt18 15 102029485 74 6 0 1 0.323965807356183 1 0.323965807356183 NA NA NA NA NA 0 0:0:0:0
Prr13 15 102462215 74 6 0 1 0.323965807356183 1 0.323965807356183 NA NA NA NA NA 0 0:0:0:0
Zc3h7a 16 11156202 75 5 0 0.932652771472931 0.715286161252128 1 0.715286161252128 NA NA NA NA NA 0 0:0:2:8
Atp13a5 16 29298208 76 4 0 0.392695903778076 0.668475066457047 1 0.668475066457047 NA NA NA NA NA 0 0:0:0:7
Ccdc14 16 34721649 76 4 0 0.392695903778076 0.668475066457047 1 0.668475066457047 NA NA NA NA NA 0 0:0:0:7
Slc9a10 16 45573356 74 4 2 0.932652771472931 0.622332812218913 0.601746180015326 0.69579164175956 NA NA NA NA 0.162857720747713 0 0:0:2:8
Gpr128 16 56742589 73 4 3 0.99376106262207 0.690226214801497 0.989241033082532 0.539568742829288 NA NA NA NA 1 0 0:0:3:7
Pde10a 17 8942965 72 7 1 0.244025230407715 0.316454172630697 0.862532288913099 0.265438451576229 NA NA NA NA 1 0 1:10:0:0
Syngr3 17 24686581 49 24 7 0.6851541721671 0.0414002900270141 0.00900938371609187 0.22416322511006 NA NA NA NA 0.0582522699004366 0 7:26:0:0
Tead3 17 28341365 77 3 0 0.253356448418344 0.64838691368656 1 0.64838691368656 NA NA NA NA NA 0 0:6:1:8
Hsf2bp 17 32013346 73 6 1 0.785391807556152 0.674870829230755 0.78398307455507 0.539568742829288 NA NA NA NA 0 0 0:0:1:7
Tnxb 17 34683548 76 4 0 0.343608915805817 0.456089650690204 1 0.456089650690204 NA NA NA NA NA 0 0:0:0:8
Tdrd6 17 43628159 72 8 0 0.0563135147094727 0.265438451576229 1 0.265438451576229 NA NA NA NA NA 0 0:10:0:0
Efhb 17 53413459 74 4 2 0.953690052032471 0.691360414262527 0.936831585765606 0.541602587601821 NA NA NA NA 0 0 0:0:2:7
Ranbp3 17 56702896 73 5 2 0.953690052032471 0.677636300599616 0.936831585765606 0.539568742829288 NA NA NA NA 0 0 0:0:2:7
Ankrd12 17 66053009 76 4 0 0.530010041518835 0.228209533643268 1 0.228209533643268 NA NA NA NA NA 0 0:6:2:8
Lama1 17 67752368 73 5 2 0.953690052032471 0.677636300599616 0.936831585765606 0.539568742829288 NA NA NA NA 0 0 0:0:2:7
L3mbtl4 17 68774291 69 9 2 0.75640869140625 0.177291427791215 0.317389383307252 0.222086003134386 NA NA NA NA 0.405762150874022 0 2:7:0:0
Birc6 17 74580349 76 4 0 0.343608915805817 0.456089650690204 1 0.456089650690204 NA NA NA NA NA 0 0:0:0:8
Nrxn1 17 91088689 77 3 0 0.343608915805817 0.523716238449863 1 0.523716238449863 NA NA NA NA NA 0 0:0:0:8
Dsg1c 18 20272346 78 2 0 0.392695903778076 0.469032598987776 1 0.469032598987776 NA NA NA NA NA 0 0:0:0:7
Reep2 18 34840771 75 5 0 0.343608915805817 0.184101830290872 1 0.184101830290872 NA NA NA NA NA 0 0:0:0:8
Pcdhb22 18 37518727 75 5 0 0.343608915805817 0.184101830290872 1 0.184101830290872 NA NA NA NA NA 0 0:0:0:8
Lars 18 42242784 74 5 1 0.736304819583893 0.749830700415247 0.910226139732622 0.658992866989305 NA NA NA NA 0 0 0:0:1:8
Sema6a 18 47290045 71 8 1 0.126705408096313 0.416535334363204 0.862532288913099 0.379089251270234 NA NA NA NA 1 0 1:13:0:0
Fbn2 18 58037747 76 4 0 0.392695903778076 0.411712573212414 1 0.411712573212414 NA NA NA NA NA 0 0:0:0:7
Synpo 18 60602340 70 10 0 1 0.147876279939976 1 0.147876279939976 NA NA NA NA NA 0 0:0:0:0
Pdgfrb 18 61079708 70 10 0 1 0.147876279939976 1 0.147876279939976 NA NA NA NA NA 0 0:0:0:0
Afg3l2 18 67415557 70 10 0 1 0.147876279939976 1 0.147876279939976 NA NA NA NA NA 0 0:0:0:0
Smad2 18 76299993 77 3 0 0.343608915805817 0.118412035096273 1 0.118412035096273 NA NA NA NA NA 0 0:0:0:8
Skor2 18 76876560 71 7 2 0.332601696252823 0.620569648254555 0.929502901776168 0.492876469520284 NA NA NA NA 0 0 2:13:0:0
Olfr1505 19 13919444 75 4 1 0.736304819583893 0.858268722527713 0.834251365009517 0.747617413795797 NA NA NA NA 0 0 0:0:1:8
Vldlr 19 27238263 75 4 1 0.736304819583893 0.858268722527713 0.834251365009517 0.747617413795797 NA NA NA NA 0 0 0:0:1:8
Lipo1 19 33582042 60 19 1 0.300338745117188 0.545637870848616 0.980732183375692 0.509262948239665 NA NA NA NA 1 0 1:9:0:0
Huwe1 X 151876313 69 8 3 0.584252715110779 0.376996946047767 0.405981436806355 0.459252402478696 NA NA NA NA 0.235981221020268 0 3:13:0:0
1700020N15Rik X 69945785 69 5 4 0.885373592376709 0.314725863563574 0.179856847323946 0.543931112794767 NA NA NA NA 0 2 4:11:0:0
