gene R0376.NA R0376.0 R0376.1 R0376.2 R0568.NA R0568.0 R0568.1 R0568.2 R0650.NA R0650.0 R0650.1 R0650.2 R0632.NA R0632.0 R0632.1 R0632.2 R0624.NA R0624.0 R0624.1 R0624.2
Bag2 0 7 0 0 0 13 28 4 0 13 0 0 0 7 0 0 0 8 0 0
Dst 0 7 0 0 0 45 0 0 0 13 0 0 0 4 3 0 0 8 0 0
Tgfbrap1 0 7 0 0 0 45 0 0 0 13 0 0 0 7 0 0 0 2 3 3
Slc40a1 0 3 2 2 0 45 0 0 0 13 0 0 0 7 0 0 0 8 0 0
Als2 0 3 2 2 0 45 0 0 0 13 0 0 0 7 0 0 0 8 0 0
Crygf 0 7 0 0 0 45 0 0 0 13 0 0 0 5 2 0 0 8 0 0
Ankar 0 7 0 0 0 45 0 0 0 6 6 1 0 7 0 0 0 8 0 0
Atg16l1 0 7 0 0 0 45 0 0 0 5 7 1 0 7 0 0 0 8 0 0
Epb4.1l5 0 7 0 0 0 45 0 0 0 13 0 0 0 7 0 0 0 4 4 0
Cdk18 0 7 0 0 0 45 0 0 0 13 0 0 0 7 0 0 0 4 4 0
5730559C18Rik 0 7 0 0 0 45 0 0 0 13 0 0 0 6 1 0 0 8 0 0
Ptprc 0 7 0 0 0 45 0 0 0 13 0 0 0 6 1 0 0 8 0 0
Lamc2 0 7 0 0 0 45 0 0 0 5 6 2 0 7 0 0 0 8 0 0
Prrx1 0 7 0 0 0 45 0 0 0 13 0 0 0 7 0 0 0 5 3 0
Copa 0 7 0 0 0 18 24 3 0 13 0 0 0 7 0 0 0 8 0 0
Plxna2 0 7 0 0 0 16 27 2 0 13 0 0 0 7 0 0 0 8 0 0
Frmd4a 0 6 1 0 0 45 0 0 0 13 0 0 0 7 0 0 0 8 0 0
Cacna1b 0 3 4 0 0 45 0 0 0 13 0 0 0 7 0 0 0 8 0 0
Tprn 0 7 0 0 0 20 23 2 0 13 0 0 0 7 0 0 0 8 0 0
Npdc1 0 7 0 0 0 45 0 0 10 2 1 0 0 7 0 0 0 8 0 0
1700026L06Rik 0 3 4 0 0 45 0 0 0 13 0 0 0 7 0 0 0 8 0 0
Gm13547 0 7 0 0 0 45 0 0 0 13 0 0 0 3 4 0 0 8 0 0
Hmcn2 0 7 0 0 0 22 21 2 0 13 0 0 0 7 0 0 0 8 0 0
Prrc2b 0 7 0 0 0 45 0 0 0 2 6 5 0 7 0 0 0 8 0 0
Cdk9 0 7 0 0 0 45 0 0 0 13 0 0 0 7 0 0 0 4 4 0
Ttn 0 7 0 0 0 45 0 0 0 13 0 0 0 7 0 0 0 2 3 3
Ttn 0 7 0 0 0 45 0 0 0 3 8 2 0 7 0 0 0 8 0 0
Tnks1bp1 0 7 0 0 0 45 0 0 0 5 7 1 0 7 0 0 0 8 0 0
Olfr1120 0 7 0 0 0 45 0 0 0 13 0 0 0 7 0 0 0 5 3 0
Olfr1212 0 7 0 0 0 19 20 6 0 13 0 0 0 7 0 0 0 8 0 0
Olfr1240 0 7 0 0 0 45 0 0 0 13 0 0 0 7 0 0 0 2 3 3
Tcp11l1 0 3 4 0 0 45 0 0 0 13 0 0 0 7 0 0 0 8 0 0
Kcna4 0 7 0 0 0 45 0 0 0 4 5 4 0 7 0 0 0 8 0 0
Olfr1303 0 7 0 0 0 45 0 0 0 13 0 0 0 7 0 0 0 5 3 0
Plcb2 0 3 4 0 0 45 0 0 0 13 0 0 0 7 0 0 0 8 0 0
Mga 0 7 0 0 0 15 26 4 0 13 0 0 0 7 0 0 0 8 0 0
Tmem87a 0 7 0 0 0 45 0 0 0 13 0 0 0 3 4 0 0 8 0 0
Cdan1 0 7 0 0 0 45 0 0 0 4 5 4 0 7 0 0 0 8 0 0
Ttbk2 0 3 4 0 0 45 0 0 0 13 0 0 0 7 0 0 0 8 0 0
Shf 0 7 0 0 0 45 0 0 0 13 0 0 0 7 0 0 0 2 3 3
Ap4e1 0 7 0 0 0 45 0 0 0 13 0 0 0 3 4 0 0 8 0 0
Plcb1 0 7 0 0 0 45 0 0 0 13 0 0 0 7 0 0 0 3 4 1
Tm9sf4 0 7 0 0 0 45 0 0 0 7 6 0 0 7 0 0 0 8 0 0
Plagl2 0 7 0 0 0 45 0 0 0 13 0 0 0 7 0 0 0 3 3 2
Gm1332 0 4 3 0 0 45 0 0 0 13 0 0 0 7 0 0 0 8 0 0
Plcg1 0 7 0 0 0 45 0 0 0 6 7 0 0 7 0 0 0 8 0 0
Ocstamp 0 7 0 0 0 45 0 0 0 13 0 0 0 7 0 0 0 2 4 2
Znfx1 0 7 0 0 0 45 0 0 0 6 7 0 0 7 0 0 0 8 0 0
Myt1 0 7 0 0 0 45 0 0 0 6 7 0 0 7 0 0 0 8 0 0
Car3 0 7 0 0 0 45 0 0 0 13 0 0 0 7 0 0 0 3 5 0
Cp 0 7 0 0 0 45 0 0 0 13 0 0 0 2 5 0 0 8 0 0
Cpa3 0 7 0 0 0 45 0 0 0 13 0 0 0 4 1 2 0 8 0 0
Anxa5 0 3 4 0 0 45 0 0 0 13 0 0 0 7 0 0 0 8 0 0
Med12l 0 7 0 0 0 45 0 0 0 13 0 0 0 7 0 0 0 4 4 0
Lxn 0 7 0 0 0 22 23 0 0 13 0 0 0 7 0 0 0 8 0 0
Smc4 0 7 0 0 0 22 23 0 0 13 0 0 0 7 0 0 0 8 0 0
Sh3d19 0 7 0 0 0 45 0 0 0 13 0 0 0 7 0 0 0 4 4 0
Gpr89 0 7 0 0 0 45 0 0 0 7 5 1 0 7 0 0 0 8 0 0
Hsd3b5 0 7 0 0 0 45 0 0 0 13 0 0 0 7 0 0 0 5 3 0
Rbm15 0 3 3 1 0 45 0 0 0 13 0 0 0 7 0 0 0 8 0 0
Sort1 0 7 0 0 0 45 0 0 0 13 0 0 0 7 0 0 0 5 2 1
D3Bwg0562e 0 2 4 1 0 45 0 0 0 13 0 0 0 7 0 0 0 8 0 0
Ccdc109b 0 7 0 0 0 45 0 0 0 13 0 0 0 6 1 0 0 8 0 0
Cenpe 0 7 0 0 0 45 0 0 0 13 0 0 0 7 0 0 0 5 2 1
Ptgfr 0 7 0 0 0 45 0 0 0 13 0 0 0 7 0 0 0 6 1 1
Msh4 0 7 0 0 0 45 0 0 0 13 0 0 0 5 2 0 0 8 0 0
Epha7 0 7 0 0 0 45 0 0 0 13 0 0 0 2 4 1 0 8 0 0
Nol6 0 7 0 0 0 45 0 0 0 13 0 0 0 3 4 0 0 8 0 0
Gba2 0 7 0 0 0 45 0 0 0 6 6 1 0 7 0 0 0 8 0 0
Anks6 0 7 0 0 0 45 0 0 0 13 0 0 0 3 3 1 0 8 0 0
Acnat1 0 7 0 0 0 9 29 7 0 13 0 0 0 7 0 0 0 8 0 0
Tnc 0 7 0 0 0 45 0 0 0 4 8 1 0 7 0 0 0 8 0 0
Bnc2 0 7 0 0 0 45 0 0 0 7 6 0 0 7 0 0 0 8 0 0
Adamtsl1 0 7 0 0 0 12 27 6 0 13 0 0 0 7 0 0 0 8 0 0
Rraga 0 7 0 0 0 45 0 0 0 13 0 0 0 7 0 0 0 6 2 0
Cyp2j6 0 4 2 1 0 45 0 0 0 13 0 0 0 7 0 0 0 8 0 0
Inadl 0 4 2 1 0 45 0 0 0 13 0 0 0 7 0 0 0 8 0 0
Inadl 0 7 0 0 0 45 0 0 0 13 0 0 0 7 0 0 0 1 4 3
Wdr78 0 7 0 0 0 45 0 0 0 13 0 0 0 7 0 0 0 1 4 3
C8b 0 7 0 0 0 10 26 9 0 13 0 0 0 7 0 0 0 8 0 0
C8a 0 7 0 0 0 45 0 0 0 13 0 0 0 5 2 0 0 8 0 0
Urod 0 7 0 0 0 45 0 0 0 7 6 0 0 7 0 0 0 8 0 0
Rnf19b 0 7 0 0 0 45 0 0 0 13 0 0 0 4 3 0 0 8 0 0
Snrnp40 0 7 0 0 0 45 0 0 0 13 0 0 0 7 0 0 0 2 4 2
Snrnp40 0 4 3 0 0 20 20 5 0 4 9 0 0 4 3 0 0 8 0 0
Pum1 0 7 0 0 0 45 0 0 0 13 0 0 0 4 3 0 0 8 0 0
Mfn2 0 1 4 2 0 45 0 0 0 13 0 0 0 7 0 0 0 8 0 0
Dvl1 0 7 0 0 0 45 0 0 0 13 0 0 0 7 0 0 0 2 6 0
Tnfrsf18 0 7 0 0 0 45 0 0 0 13 0 0 0 7 0 0 0 2 5 1
Ankib1 0 7 0 0 0 45 0 0 0 13 0 0 0 2 5 0 0 8 0 0
Pclo 0 7 0 0 0 45 0 0 0 13 0 0 0 7 0 0 0 4 4 0
Pion 0 7 0 0 0 45 0 0 0 13 0 0 0 7 0 0 0 4 4 0
4930548H24Rik 0 7 0 0 0 45 0 0 0 5 6 2 0 7 0 0 0 8 0 0
Slbp 0 7 0 0 0 45 0 0 0 5 6 2 0 7 0 0 0 8 0 0
Add1 0 7 0 0 0 45 0 0 0 13 0 0 0 7 0 0 0 5 3 0
Sorcs2 0 7 0 0 0 45 0 0 0 13 0 0 0 7 0 0 0 5 3 0
Cc2d2a 0 7 0 0 0 45 0 0 0 13 0 0 0 7 0 0 0 5 3 0
Tapt1 0 7 0 0 0 45 0 0 0 13 0 0 0 7 0 0 0 2 4 2
Anapc4 0 7 0 0 0 45 0 0 0 13 0 0 0 7 0 0 0 5 3 0
G6pd2 0 7 0 0 0 45 0 0 0 13 0 0 0 3 2 2 0 8 0 0
Phox2b 0 7 0 0 0 45 0 0 0 13 0 0 0 3 2 2 0 8 0 0
Guf1 0 7 0 0 0 45 0 0 0 13 0 0 0 7 0 0 0 4 3 1
Ugt2b34 0 7 0 0 0 45 0 0 0 13 0 0 0 7 0 0 0 3 5 0
Ugt2b5 0 7 0 0 0 13 25 7 0 13 0 0 0 7 0 0 0 8 0 0
Ugt2b5 0 7 0 0 0 45 0 0 0 1 8 4 0 7 0 0 0 8 0 0
Slc4a4 0 7 0 0 0 45 0 0 0 13 0 0 0 3 2 2 0 8 0 0
Ptpn13 0 7 0 0 0 15 24 6 0 13 0 0 0 7 0 0 0 8 0 0
Pptc7 0 7 0 0 0 45 0 0 0 13 0 0 0 4 1 2 0 8 0 0
Pitpnm2 0 7 0 0 0 14 27 4 0 13 0 0 0 7 0 0 0 8 0 0
Rimbp2 0 2 4 1 0 45 0 0 0 13 0 0 0 7 0 0 0 8 0 0
Cct6a 0 7 0 0 0 45 0 0 0 2 8 3 0 7 0 0 0 8 0 0
Gtf2ird2 0 7 0 0 0 19 23 3 0 13 0 0 0 7 0 0 0 8 0 0
Gtf2i 0 7 0 0 0 45 0 0 0 2 7 4 0 7 0 0 0 8 0 0
Cldn13 0 7 0 0 0 45 0 0 0 13 0 0 0 2 4 1 0 8 0 0
Fis1 0 7 0 0 0 45 0 0 0 2 7 4 0 7 0 0 0 8 0 0
Cnpy4 0 7 0 0 0 19 23 3 0 13 0 0 0 7 0 0 0 8 0 0
Sun1 0 3 4 0 0 45 0 0 0 13 0 0 0 7 0 0 0 8 0 0
Gna12 0 7 0 0 0 19 23 3 0 13 0 0 0 7 0 0 0 8 0 0
Tecpr1 0 3 4 0 0 45 0 0 0 13 0 0 0 7 0 0 0 8 0 0
Trrap 0 3 4 0 0 45 0 0 0 13 0 0 0 7 0 0 0 8 0 0
Cyp3a11 0 3 4 0 0 45 0 0 0 13 0 0 0 7 0 0 0 8 0 0
Asb15 0 7 0 0 0 45 0 0 0 6 6 1 0 7 0 0 0 8 0 0
Rbm28 0 2 5 0 0 45 0 0 0 13 0 0 0 7 0 0 0 8 0 0
Zc3hc1 0 2 5 0 0 45 0 0 0 13 0 0 0 7 0 0 0 8 0 0
Mkln1 0 2 5 0 0 45 0 0 0 13 0 0 0 7 0 0 0 8 0 0
Olfr450 0 1 6 0 0 45 0 0 0 13 0 0 0 7 0 0 0 8 0 0
Vmn1r33 0 7 0 0 0 45 0 0 0 13 0 0 0 7 0 0 0 2 6 0
Mgll 0 7 0 0 0 45 0 0 0 13 0 0 0 7 0 0 0 3 5 0
Hspbp1 0 7 0 0 0 20 19 6 0 13 0 0 0 7 0 0 0 8 0 0
6330408A02Rik 0 7 0 0 0 20 19 6 0 13 0 0 0 7 0 0 0 8 0 0
Ceacam5 0 7 0 0 0 45 0 0 0 13 0 0 0 7 0 0 0 1 5 2
Zfp93 0 5 0 2 0 45 0 0 0 13 0 0 0 7 0 0 0 8 0 0
Cyp2s1 0 7 0 0 0 45 0 0 0 6 4 3 0 7 0 0 0 8 0 0
Cyp2t4 0 7 0 0 0 45 0 0 0 13 0 0 0 2 3 2 0 8 0 0
BC024978 0 7 0 0 0 45 0 0 0 3 10 0 0 7 0 0 0 8 0 0
Pld3 0 7 0 0 0 45 0 0 0 13 0 0 0 7 0 0 0 4 4 0
Ggn 0 5 1 1 0 45 0 0 0 13 0 0 0 7 0 0 0 8 0 0
Sipa1l3 0 7 0 0 0 45 0 0 0 13 0 0 0 7 0 0 0 4 4 0
Atp4a 0 7 0 0 0 45 0 0 0 13 0 0 0 7 0 0 0 2 4 2
Abpa 0 5 1 1 0 45 0 0 0 13 0 0 0 7 0 0 0 8 0 0
Vmn2r59 0 7 0 0 0 45 0 0 0 13 0 0 0 4 3 0 0 8 0 0
Gm2381 0 7 0 0 0 45 0 0 0 6 4 3 0 7 0 0 0 8 0 0
Vsig10l 0 7 0 0 0 45 0 0 0 13 0 0 0 2 2 3 0 8 0 0
Klk1b9 0 7 0 0 0 45 0 0 0 13 0 0 0 2 2 3 0 8 0 0
Kcna7 0 7 0 0 0 45 0 0 0 13 0 0 0 7 0 0 0 2 4 2
Mrgprx2 0 7 0 0 0 45 0 0 0 4 9 0 0 7 0 0 0 8 0 0
Herc2 0 7 0 0 0 45 0 0 0 4 9 0 0 7 0 0 0 8 0 0
Fan1 0 7 0 0 0 45 0 0 0 13 0 0 0 2 2 3 0 8 0 0
Apba2 0 7 0 0 0 45 0 0 0 13 0 0 0 7 0 0 0 2 4 2
Lrrk1 0 7 0 0 0 45 0 0 0 5 5 3 0 7 0 0 0 8 0 0
Lrrc28 0 7 0 0 0 45 0 0 0 4 9 0 0 7 0 0 0 8 0 0
Igf1r 0 7 0 0 0 45 0 0 0 13 0 0 0 4 2 1 0 8 0 0
Iqgap1 0 6 1 0 0 45 0 0 0 13 0 0 0 7 0 0 0 8 0 0
Iqgap1 0 7 0 0 0 45 0 0 0 6 4 3 0 7 0 0 0 8 0 0
Ap3b2 0 7 0 0 0 18 18 9 0 13 0 0 0 7 0 0 0 8 0 0
Odz4 0 7 0 0 0 45 0 0 0 13 0 0 0 7 0 0 0 3 3 2
Myo7a 0 7 0 0 0 45 0 0 0 13 0 0 0 3 3 1 0 8 0 0
Kcne3 0 7 0 0 0 45 0 0 0 13 0 0 0 3 3 1 0 8 0 0
Art5 0 7 0 0 0 45 0 0 0 13 0 0 0 3 2 2 0 8 0 0
Nup98 0 7 0 0 0 45 0 0 0 6 4 3 0 7 0 0 0 8 0 0
Olfr652 0 7 0 0 0 45 0 0 0 13 0 0 0 3 2 2 0 8 0 0
Olfr672 0 7 0 0 0 45 0 0 0 13 0 0 0 3 2 2 0 8 0 0
Olfr470 0 7 0 0 0 45 0 0 0 13 0 0 0 7 0 0 0 2 5 1
Olfr494 0 7 0 0 0 45 0 0 0 6 7 0 0 7 0 0 0 8 0 0
Olfr502 0 7 0 0 0 45 0 0 0 5 5 3 0 7 0 0 0 8 0 0
Trim66 0 7 0 0 0 20 19 6 0 13 0 0 0 7 0 0 0 8 0 0
Pik3c2a 0 7 0 0 0 45 0 0 0 6 7 0 0 7 0 0 0 8 0 0
Dnahc3 0 7 0 0 0 45 0 0 0 13 0 0 0 2 4 1 0 8 0 0
Spn 0 7 0 0 0 45 0 0 0 13 0 0 0 7 0 0 0 3 3 2
Dctpp1 0 7 0 0 0 45 0 0 0 13 0 0 0 7 0 0 0 3 3 2
Prr14 0 3 4 0 0 45 0 0 0 13 0 0 0 7 0 0 0 8 0 0
Tacc2 0 7 0 0 0 45 0 0 0 13 0 0 0 7 0 0 0 3 3 2
Tacc2 0 7 0 0 0 45 0 0 0 13 0 0 0 1 4 2 0 8 0 0
E030019B06Rik 0 7 0 0 0 45 0 0 0 0 12 1 0 7 0 0 0 8 0 0
Lrrc56 0 7 0 0 0 45 0 0 0 13 0 0 0 7 0 0 0 2 4 2
Lrdd 0 7 0 0 0 45 0 0 0 1 11 1 0 7 0 0 0 8 0 0
Defb34 0 7 0 0 0 45 0 0 0 13 0 0 0 7 0 0 0 4 2 2
Slc7a2 0 7 0 0 0 45 0 0 0 13 0 0 0 7 0 0 0 4 2 2
Fat1 0 7 0 0 0 45 0 0 0 13 0 0 0 7 0 0 0 2 4 2
Sugp1 0 0 4 3 0 45 0 0 0 13 0 0 0 7 0 0 0 8 0 0
Olfr372 0 7 0 0 0 45 0 0 0 13 0 0 0 7 0 0 0 3 3 2
Arhgap10 0 0 4 3 0 45 0 0 0 13 0 0 0 7 0 0 0 8 0 0
Usp38 0 7 0 0 0 45 0 0 0 13 0 0 0 3 4 0 0 8 0 0
Slc6a2 0 7 0 0 0 45 0 0 0 13 0 0 0 4 3 0 0 8 0 0
Gpr114 0 7 0 0 0 45 0 0 0 5 8 0 0 7 0 0 0 8 0 0
Fam65a 0 7 0 0 0 45 0 0 0 4 5 4 0 7 0 0 0 8 0 0
Pkd1l3 0 7 0 0 0 45 0 0 0 4 8 1 0 7 0 0 0 8 0 0
Osgin1 0 7 0 0 0 45 0 0 0 4 4 5 0 7 0 0 0 8 0 0
1300018I17Rik 0 7 0 0 0 21 23 1 0 13 0 0 0 7 0 0 0 8 0 0
Mmp13 0 7 0 0 0 45 0 0 0 13 0 0 0 2 4 1 0 8 0 0
Mmp13 0 7 0 0 0 45 0 0 0 13 0 0 0 7 0 0 0 2 4 2
Mmp13 0 7 0 0 0 45 0 0 0 13 0 0 0 3 4 0 0 8 0 0
Prkcsh 0 3 2 2 0 45 0 0 0 13 0 0 0 7 0 0 0 8 0 0
Igsf9b 0 3 2 2 0 45 0 0 0 13 0 0 0 7 0 0 0 8 0 0
Pus3 0 2 3 2 0 45 0 0 0 13 0 0 0 7 0 0 0 8 0 0
CT025680.2 0 7 0 0 0 45 0 0 0 1 9 3 0 7 0 0 0 8 0 0
Dscaml1 0 7 0 0 0 45 0 0 0 13 0 0 0 4 3 0 0 8 0 0
2010321M09Rik 0 3 3 1 0 45 0 0 0 13 0 0 0 7 0 0 0 8 0 0
Rbpms2 0 7 0 0 0 8 28 9 0 13 0 0 0 7 0 0 0 8 0 0
C2cd4a 0 7 0 0 0 45 0 0 0 13 0 0 0 3 2 2 0 8 0 0
Scg3 0 7 0 0 0 45 0 0 0 2 8 3 0 7 0 0 0 8 0 0
Col12a1 0 4 1 2 0 45 0 0 0 13 0 0 0 7 0 0 0 8 0 0
Ctsh 0 7 0 0 0 45 0 0 0 13 0 0 0 2 4 1 0 8 0 0
2610101N10Rik 0 2 3 2 0 45 0 0 0 13 0 0 0 7 0 0 0 8 0 0
Nphp3 0 7 0 0 0 45 0 0 0 13 0 0 0 0 6 1 0 8 0 0
Camp 0 0 3 4 0 45 0 0 0 13 0 0 0 7 0 0 0 8 0 0
Susd5 0 7 0 0 0 45 0 0 0 2 9 2 0 7 0 0 0 8 0 0
Acaa1a 0 7 0 0 0 45 0 0 0 13 0 0 0 1 5 1 0 8 0 0
Ano10 0 7 0 0 0 45 0 0 0 13 0 0 0 7 0 0 0 1 7 0
H60c 0 3 4 0 0 45 0 0 0 13 0 0 0 7 0 0 0 8 0 0
Lats1 0 7 0 0 0 16 25 4 0 13 0 0 0 7 0 0 0 8 0 0
Tab2 0 7 0 0 0 45 0 0 0 13 0 0 0 4 3 0 0 8 0 0
Sgk1 0 7 0 0 0 45 0 0 0 5 5 3 0 7 0 0 0 8 0 0
Samd3 0 7 0 0 0 45 0 0 0 13 0 0 0 3 4 0 0 8 0 0
Lama2 0 2 5 0 0 45 0 0 0 13 0 0 0 7 0 0 0 8 0 0
Psap 0 7 0 0 0 45 0 0 0 13 0 0 0 7 0 0 0 7 1 0
Ado 0 7 0 0 0 45 0 0 0 13 0 0 0 7 0 0 0 1 5 2
Bcr 0 1 6 0 0 45 0 0 0 13 0 0 0 7 0 0 0 8 0 0
Lrrc3 0 7 0 0 0 23 19 3 0 13 0 0 0 7 0 0 0 8 0 0
1810043G02Rik 0 7 0 0 0 23 19 3 0 13 0 0 0 7 0 0 0 8 0 0
1810043G02Rik 0 7 0 0 0 23 19 3 0 13 0 0 0 7 0 0 0 8 0 0
Apc2 0 7 0 0 0 45 0 0 0 13 0 0 0 7 0 0 0 1 6 1
Tcf3 0 7 0 0 0 45 0 0 0 13 0 0 0 7 0 0 0 1 6 1
Gm872 0 7 0 0 0 45 0 0 0 13 0 0 0 0 6 1 0 8 0 0
Ikzf4 0 3 4 0 0 45 0 0 0 13 0 0 0 7 0 0 0 8 0 0
Ascc2 0 7 0 0 0 45 0 0 0 13 0 0 0 2 5 0 0 8 0 0
Ccdc88a 0 7 0 0 0 45 0 0 0 13 0 0 0 3 4 0 0 8 0 0
Lcp2 0 7 0 0 0 45 0 0 0 13 0 0 0 3 4 0 0 8 0 0
Gabrg2 0 3 4 0 0 45 0 0 0 13 0 0 0 7 0 0 0 8 0 0
Pwwp2a 0 3 4 0 0 45 0 0 0 13 0 0 0 7 0 0 0 8 0 0
Hspa4 0 7 0 0 0 21 20 4 0 13 0 0 0 7 0 0 0 8 0 0
Slc36a3 0 7 0 0 0 45 0 0 0 13 0 0 0 2 5 0 0 8 0 0
Spag7 0 2 5 0 0 45 0 0 0 13 0 0 0 7 0 0 0 8 0 0
Atp2a3 0 2 5 0 0 45 0 0 0 13 0 0 0 7 0 0 0 8 0 0
2610507B11Rik 0 7 0 0 0 45 0 0 0 13 0 0 0 7 0 0 0 2 4 2
Tex14 0 7 0 0 0 45 0 0 0 13 0 0 0 7 0 0 0 2 4 2
Hdac5 0 7 0 0 0 45 0 0 0 13 0 0 0 3 4 0 0 8 0 0
Fam171a2 0 7 0 0 0 45 0 0 0 13 0 0 0 3 4 0 0 8 0 0
Map3k14 0 7 0 0 0 45 0 0 0 13 0 0 0 7 0 0 0 1 4 3
Abca9 0 7 0 0 0 45 0 0 0 13 0 0 0 7 0 0 0 0 6 2
Dnahc17 0 7 0 0 0 45 0 0 0 13 0 0 0 2 5 0 0 8 0 0
Hexdc 0 5 2 0 0 45 0 0 0 13 0 0 0 7 0 0 0 8 0 0
Akap6 0 7 0 0 0 45 0 0 0 13 0 0 0 3 3 1 0 8 0 0
Brms1l 0 7 0 0 0 25 20 0 0 13 0 0 0 7 0 0 0 8 0 0
Ctage5 0 7 0 0 0 45 0 0 0 13 0 0 0 4 3 0 0 8 0 0
Fkbp3 0 7 0 0 0 45 0 0 0 13 0 0 0 4 3 0 0 8 0 0
4930447C04Rik 0 7 0 0 0 45 0 0 0 7 6 0 0 7 0 0 0 8 0 0
Pcnx 0 5 1 1 0 45 0 0 0 13 0 0 0 7 0 0 0 8 0 0
Eml5 0 7 0 0 0 45 0 0 0 13 0 0 0 7 0 0 0 2 4 2
Rtl1 0 7 0 0 0 45 0 0 0 13 0 0 0 7 0 0 0 2 6 0
Dync1h1 0 7 0 0 0 45 0 0 0 13 0 0 0 7 0 0 0 2 6 0
Wdr60 0 7 0 0 0 45 0 0 0 13 0 0 0 7 0 0 0 2 6 0
Ncapg2 0 7 0 0 0 14 29 2 0 13 0 0 0 7 0 0 0 8 0 0
Nme8 0 7 0 0 0 45 0 0 0 13 0 0 0 2 3 2 0 8 0 0
Hist1h4i 0 7 0 0 0 45 0 0 0 13 0 0 0 2 3 2 0 8 0 0
Vmn1r213 0 7 0 0 0 45 0 0 0 5 8 0 0 7 0 0 0 8 0 0
Serpinb6c 0 7 0 0 0 45 0 0 0 13 0 0 0 3 4 0 0 8 0 0
Tmem161b 0 4 3 0 0 45 0 0 0 13 0 0 0 7 0 0 0 8 0 0
Xrcc4 0 7 0 0 0 45 0 0 0 13 0 0 0 7 0 0 0 3 4 1
Rasgrf2 0 7 0 0 0 45 0 0 0 13 0 0 0 2 5 0 0 8 0 0
Papd4 0 7 0 0 0 24 16 5 0 13 0 0 0 7 0 0 0 8 0 0
Zfp366 0 4 3 0 0 45 0 0 0 13 0 0 0 7 0 0 0 8 0 0
Depdc1b 0 7 0 0 0 45 0 0 0 4 7 2 0 7 0 0 0 8 0 0
Flnb 0 4 3 0 0 45 0 0 0 13 0 0 0 7 0 0 0 8 0 0
Slc4a7 0 7 0 0 0 45 0 0 0 13 0 0 0 7 0 0 0 2 4 2
Chd8 0 7 0 0 0 45 0 0 0 3 8 2 0 7 0 0 0 8 0 0
Chd8 0 7 0 0 0 45 0 0 0 13 0 0 0 7 0 0 0 1 6 1
Msra 0 7 0 0 0 45 0 0 0 13 0 0 0 2 4 1 0 8 0 0
Kif13b 0 1 4 2 0 45 0 0 0 13 0 0 0 7 0 0 0 8 0 0
Tnfrsf10b 0 7 0 0 0 45 0 0 0 6 6 1 0 7 0 0 0 8 0 0
Rhobtb2 0 1 4 2 0 45 0 0 0 13 0 0 0 7 0 0 0 8 0 0
Polr3d 0 7 0 0 0 16 21 8 0 13 0 0 0 7 0 0 0 8 0 0
Zfp957 0 7 0 0 0 45 0 0 0 13 0 0 0 3 4 0 0 8 0 0
Trim52 0 7 0 0 0 45 0 0 0 13 0 0 0 2 5 0 0 8 0 0
Nalcn 0 7 0 0 0 45 0 0 0 13 0 0 0 7 0 0 0 5 3 0
Rrm2b 0 7 0 0 0 45 0 0 0 13 0 0 0 7 0 0 0 0 5 3
Ubr5 0 7 0 0 0 45 0 0 0 1 6 6 0 7 0 0 0 8 0 0
Sybu 0 7 0 0 0 45 0 0 0 8 5 0 0 7 0 0 0 8 0 0
Plec 0 7 0 0 0 45 0 0 0 13 0 0 0 1 6 0 0 8 0 0
Sox10 0 7 0 0 0 45 0 0 0 13 0 0 0 7 0 0 0 1 7 0
Csnk1e 0 7 0 0 0 45 0 0 0 13 0 0 0 7 0 0 0 3 5 0
Tnrc6b 0 7 0 0 0 45 0 0 0 3 5 5 0 7 0 0 0 8 0 0
Sbf1 0 7 0 0 0 45 0 0 0 13 0 0 0 7 0 0 0 3 4 1
Slc2a13 0 7 0 0 0 45 0 0 0 13 0 0 0 7 0 0 0 2 6 0
Lrrk2 0 7 0 0 0 45 0 0 0 13 0 0 0 3 4 0 0 8 0 0
Adamts20 0 7 0 0 0 18 22 5 0 13 0 0 0 7 0 0 0 8 0 0
Arid2 0 7 0 0 0 45 0 0 0 5 6 2 0 7 0 0 0 8 0 0
Mll2 0 7 0 0 0 45 0 0 0 13 0 0 0 3 4 0 0 8 0 0
Prpf40b 0 7 0 0 0 45 0 0 0 13 0 0 0 3 4 0 0 8 0 0
5430421N21Rik 0 7 0 0 0 45 0 0 0 7 6 0 0 7 0 0 0 8 0 0
Krt71 0 4 3 0 0 45 0 0 0 13 0 0 0 7 0 0 0 8 0 0
Krt18 0 7 0 0 0 45 0 0 0 7 6 0 0 7 0 0 0 8 0 0
Prr13 0 7 0 0 0 45 0 0 0 7 6 0 0 7 0 0 0 8 0 0
Zc3h7a 0 2 5 0 0 45 0 0 0 13 0 0 0 7 0 0 0 8 0 0
Atp13a5 0 7 0 0 0 45 0 0 0 13 0 0 0 3 4 0 0 8 0 0
Ccdc14 0 7 0 0 0 45 0 0 0 13 0 0 0 3 4 0 0 8 0 0
Slc9a10 0 7 0 0 0 45 0 0 0 13 0 0 0 7 0 0 0 2 4 2
Gpr128 0 7 0 0 0 45 0 0 0 13 0 0 0 0 4 3 0 8 0 0
Pde10a 0 7 0 0 0 45 0 0 0 5 7 1 0 7 0 0 0 8 0 0
Syngr3 0 7 0 0 0 14 24 7 0 13 0 0 0 7 0 0 0 8 0 0
Tead3 0 4 3 0 0 45 0 0 0 13 0 0 0 7 0 0 0 8 0 0
Hsf2bp 0 7 0 0 0 45 0 0 0 13 0 0 0 0 6 1 0 8 0 0
Tnxb 0 7 0 0 0 45 0 0 0 13 0 0 0 7 0 0 0 4 4 0
Tdrd6 0 7 0 0 0 45 0 0 0 5 8 0 0 7 0 0 0 8 0 0
Efhb 0 7 0 0 0 45 0 0 0 13 0 0 0 1 4 2 0 8 0 0
Ranbp3 0 7 0 0 0 45 0 0 0 13 0 0 0 0 5 2 0 8 0 0
Ankrd12 0 3 4 0 0 45 0 0 0 13 0 0 0 7 0 0 0 8 0 0
Lama1 0 7 0 0 0 45 0 0 0 13 0 0 0 0 5 2 0 8 0 0
L3mbtl4 0 7 0 0 0 45 0 0 0 2 9 2 0 7 0 0 0 8 0 0
Birc6 0 7 0 0 0 45 0 0 0 13 0 0 0 7 0 0 0 4 4 0
Nrxn1 0 7 0 0 0 45 0 0 0 13 0 0 0 7 0 0 0 5 3 0
Dsg1c 0 7 0 0 0 45 0 0 0 13 0 0 0 5 2 0 0 8 0 0
Reep2 0 7 0 0 0 45 0 0 0 13 0 0 0 7 0 0 0 3 5 0
Pcdhb22 0 7 0 0 0 45 0 0 0 13 0 0 0 7 0 0 0 3 5 0
Lars 0 7 0 0 0 45 0 0 0 13 0 0 0 7 0 0 0 2 5 1
Sema6a 0 7 0 0 0 45 0 0 0 4 8 1 0 7 0 0 0 8 0 0
Fbn2 0 7 0 0 0 45 0 0 0 13 0 0 0 3 4 0 0 8 0 0
Synpo 0 7 0 0 0 45 0 0 0 3 10 0 0 7 0 0 0 8 0 0
Pdgfrb 0 7 0 0 0 45 0 0 0 3 10 0 0 7 0 0 0 8 0 0
Afg3l2 0 7 0 0 0 45 0 0 0 3 10 0 0 7 0 0 0 8 0 0
Smad2 0 7 0 0 0 45 0 0 0 13 0 0 0 7 0 0 0 5 3 0
Skor2 0 7 0 0 0 45 0 0 0 4 7 2 0 7 0 0 0 8 0 0
Olfr1505 0 7 0 0 0 45 0 0 0 13 0 0 0 7 0 0 0 3 4 1
Vldlr 0 7 0 0 0 45 0 0 0 13 0 0 0 7 0 0 0 3 4 1
Lipo1 0 7 0 0 0 25 19 1 0 13 0 0 0 7 0 0 0 8 0 0
Huwe1 0 7 0 0 0 45 0 0 0 2 8 3 0 7 0 0 0 8 0 0
1700020N15Rik 0 7 0 0 0 45 0 0 2 2 5 4 0 7 0 0 0 8 0 0
